======================================================================================================================
 MATRIZ DE IMPEDÂNCIAS |Zbus| (módulo) - em pu [flat/sem carga]
======================================================================================================================
 B\B |       1       2       3       4       5       6       7       8       9      10      11      12      13      14
----------------------------------------------------------------------------------------------------------------------
   1 |  0.0299  0.0205  0.0132  0.0175  0.0188  0.0137  0.0141  0.0103  0.0145  0.0144  0.0140  0.0137  0.0138  0.0142
   2 |  0.0205  0.0503  0.0291  0.0342  0.0337  0.0251  0.0272  0.0199  0.0278  0.0273  0.0262  0.0253  0.0255  0.0268
   3 |  0.0132  0.0291  0.0915  0.0406  0.0338  0.0266  0.0316  0.0232  0.0318  0.0309  0.0288  0.0270  0.0273  0.0298
   4 |  0.0175  0.0342  0.0406  0.0792  0.0613  0.0495  0.0612  0.0448  0.0611  0.0590  0.0543  0.0503  0.0511  0.0567
   5 |  0.0188  0.0337  0.0338  0.0613  0.0778  0.0541  0.0509  0.0373  0.0533  0.0535  0.0538  0.0541  0.0540  0.0536
   6 |  0.0137  0.0251  0.0266  0.0495  0.0541  0.1632  0.0665  0.0487  0.0864  0.0997  0.1306  0.1576  0.1521  0.1148
   7 |  0.0141  0.0272  0.0316  0.0612  0.0509  0.0665  0.1581  0.1157  0.1255  0.1151  0.0912  0.0709  0.0749  0.1034
   8 |  0.0103  0.0199  0.0232  0.0448  0.0373  0.0487  0.1157  0.2133  0.0918  0.0842  0.0667  0.0518  0.0548  0.0756
   9 |  0.0145  0.0278  0.0318  0.0611  0.0533  0.0864  0.1255  0.0918  0.1799  0.1633  0.1254  0.0932  0.0995  0.1447
  10 |  0.0144  0.0273  0.0309  0.0590  0.0535  0.0997  0.1151  0.0842  0.1633  0.2248  0.1630  0.1044  0.1087  0.1394
  11 |  0.0140  0.0262  0.0288  0.0543  0.0538  0.1306  0.0912  0.0667  0.1254  0.1630  0.2509  0.1302  0.1298  0.1273
  12 |  0.0137  0.0253  0.0270  0.0503  0.0541  0.1576  0.0709  0.0518  0.0932  0.1044  0.1302  0.3135  0.1969  0.1380
  13 |  0.0138  0.0255  0.0273  0.0511  0.0540  0.1521  0.0749  0.0548  0.0995  0.1087  0.1298  0.1969  0.2386  0.1592
  14 |  0.0142  0.0268  0.0298  0.0567  0.0536  0.1148  0.1034  0.0756  0.1447  0.1394  0.1273  0.1380  0.1592  0.3153
======================================================================================================================
